Исходный массив:
-246
-139
432
134
415
-230
-190
-33
-197
322
190
-408
-313
456
-419
-259
223
-141
-440
-424
231
460
264
216
244
362
-59
-330
4
383
-127
-475
-21
181
-62
333
-297
498
-328
452
-217
413
398
133
372
81
477
-346
-85
-104
-243
-355
452
-281
4
-207
97
-284
390
-448
328
-360
463
-81
-51
165
112
5
17
-252
-462
224
-314
-393
292
317
-439
-370
343
-338
385
-214
255
-393
126
-272
-428
-240
-324
-356
-265
487
-392
-381
-376
-358
450
-21
-316
-293
Ваш массив содержит следующие характеристики:
Больше всего Четных.
Наибольшая Чётная: 498
